result after pass 1
header: 46 46 1 19                                                
                                                
                                                
                                                
                                                
                                                
                                                
                                                
                                                
                         1                      
                       2211                     
                     33  111                    
                     3    11                    
                    433  5111                   
                  664333331111                  
                 76643333311111                 
                 766433333111111                
                8766433333111111                
               9876643333311111111              
              109876643333311111 111             
             1110987664333331111111111            
            121110987664333331111 111111           
           13121110987664333331111   1111           
          141312111098766433333111    111111         
        1515141312111098766433333111   161111111        
        1515141312111098766433333111  171611111111       
         15141312111098766433333111  17161111111        
          1413121110987664333331111  16111111         
           131211109876  333331111   11111          
            12111098766 3333311111   111           
            1211109876663333311111    1            
             11109876663333311111                 
              109876663333311111                 
               98766633333111111                
                876663333311111                 
                  666                           
                   6                            
                   666    1818                    
                    6666 19181818                   
                     6666666                    
                      66666                     
                       666                      
                        6                       
                                                
                                                
                                                
                                                
                                                
EQAry 1st pass

EQAry: 2 2 2 2 2 3 3 3 3 3 3 3 3 3 3 2 2 3 3 
result after pass 2
header: 46 46 1 18                                                
                                                
                                                
                                                
                                                
                                                
                                                
                                                
                                                
                         1                      
                       1111                     
                     13  111                    
                     1    11                    
                    111  1111                   
                  111111111111                  
                 11111111111111                 
                 111111111111111                
                1111111111111111                
               1111111111111111111              
              11111111111111111 111             
             11111111111111111111111            
            111111111111111111 111111           
           1111111111111111111   1111           
          1111111111111111111    111111         
        111111111111111111111   11111111        
        111111111111111111111  1111111111       
         11111111111111111111  111111111        
          11111111111111111111  1111111         
           11111111  111111111   11111          
            11111111 1111111111   111           
            1111111111111111111    1            
             111111111111111111                 
              11111111111111111                 
               11111111111111111                
                111111111111111                 
                  666                           
                   6                            
                   666    66                    
                    6666 66618                   
                     6666666                    
                      66666                     
                       666                      
                        6                       
                                                
                                                
                                                
                                                
                                                
EQAry 2nd pass

EQAry: 1 1 1 1 1 1 1 1 1 1 1 1 1 1 1 1 1 1 1 
result after pass 3
header: 46 46 0 1                                                
                                                
                                                
                                                
                                                
                                                
                                                
                                                
                                                
                         1                      
                       1111                     
                     11  111                    
                     1    11                    
                    111  1111                   
                  111111111111                  
                 11111111111111                 
                 111111111111111                
                1111111111111111                
               1111111111111111111              
              11111111111111111 111             
             11111111111111111111111            
            111111111111111111 111111           
           1111111111111111111   1111           
          1111111111111111111    111111         
        111111111111111111111   11111111        
        111111111111111111111  1111111111       
         11111111111111111111  111111111        
          11111111111111111111  1111111         
           11111111  111111111   11111          
            11111111 1111111111   111           
            1111111111111111111    1            
             111111111111111111                 
              11111111111111111                 
               11111111111111111                
                111111111111111                 
                  111                           
                   1                            
                   111    11                    
                    1111 1111                   
                     1111111                    
                      11111                     
                       111                      
                        1                       
                                                
                                                
                                                
                                                
                                                
EQAry 3rd pass

EQAry: 1 1 1 1 1 1 1 1 1 1 1 1 1 1 1 1 1 1 1 
