result after pass 2: 
42 31 1 6
    0    0    0    0    0    0    0    0    0    0    0    0    0    0    0    0    0    0    0    0    0    0    0    0    0    0    0    0    0    0    0    0    0
    0    0    0    0    0    0    0    0    0    0    0    0    0    0    0    0    0    0    0    0    0    0    0    0    0    0    0    0    0    0    0    0    0
    0    0    0    0    0    0    0    0    0    0    0    0    0    0    0    0    1    0    0    0    0    0    0    0    0    0    0    0    0    0    0    0    0
    0    0    0    0    0    0    0    0    1    0    0    0    0    0    0    1    1    1    0    0    0    0    0    0    0    0    0    1    0    0    0    0    0
    0    0    0    1    0    0    0    0    0    1    0    0    0    0    1    12.41     1    1    0    0    0    0    0    0    0    0    1    0    0    0    0    0
    0    0    0    0    1    0    0    0    1    0    0    0    0    1    12.41 2.83 2.41     1    1    0    0    0    0    0    0    0    1    0    0    0    0    0
    0    0    0    0    0    1    0    0    1    0    0    0    1    12.41 2.83 3.83 2.83 2.41     1    1    0    0    0    0    0    1    0    0    0    0    0    0
    0    0    0    0    0    0    1    0    1    0    0    1    12.41 2.83 3.83 4.24 3.83 2.83 2.41     1    1    0    0    0    0    0    1    0    0    0    0    0
    0    0    0    0    0    1    0    0    1    0    1    12.41 2.83 3.83 4.24 5.24 4.24 3.83 2.83 2.41     1    1    0    0    0    0    0    1    0    0    0    0
    0    0    0    0    0    0    1    0    1    0    12.00 2.83 3.83 4.24 5.24 5.66 5.24 4.24 3.83 2.83 2.00     1    0    0    0    0    1    0    0    0    0    0
    0    0    0    0    0    1    0    0    1    0    12.00 3.00 4.00 5.00 5.66 6.66 5.66 5.00 4.00 3.00 2.00     1    0    0    0    0    0    1    0    0    0    0
    0    0    0    0    0    1    0    1    1    0    12.00 3.00 4.00 5.00 6.00 6.66 6.00 5.00 4.00 3.00 2.00     1    0    0    0    0    0    0    1    0    0    0
    0    0    0    1    1    1    0    1    0    0    12.00 3.00 4.00 4.83 5.24 5.66 5.24 4.83 4.24 3.41 2.41     1    1    1    1    1    1    1    0    0    0    0
    0    0    0    1    0    0    0    1    0    1    12.41 2.83 3.41 3.83 4.24 5.24 4.24 3.83 3.41 2.83 2.00     1    0    0    0    0    0    0    0    0    0    0
    0    0    0    1    0    1    1    1    0    0    1    12.00 2.41 2.83 3.83 4.24 3.83 2.83 2.41 2.00     1    1    0    0    0    0    0    0    0    0    0    0
    0    0    0    1    0    0    0    0    0    0    0    1    1    12.41 2.83 3.83 2.83 2.41     1    1    1    0    1    0    0    0    0    0    0    0    0    0
    0    0    0    0    1    0    0    0    0    0    1    0    0    1    12.41 2.83 2.41     1    1    0    0    0    0    1    0    0    0    0    0    0    0    0
    0    0    0    0    0    1    0    0    0    1    0    0    0    0    1    12.41     1    1    0    0    0    0    0    0    1    0    0    0    0    0    0    0
    0    0    0    0    0    1    0    0    1    0    0    0    0    0    0    1    1    1    0    0    0    0    0    0    0    0    1    0    0    0    0    0    0
    0    0    0    0    0    1    1    0    1    0    0    0    0    0    0    0    1    0    0    0    0    0    0    0    0    0    0    0    0    0    0    0    0
    0    0    0    0    0    1    0    0    1    0    0    0    0    0    0    0    0    0    0    0    0    0    0    0    0    0    0    0    0    0    0    0    0
    0    0    0    0    0    1    0    0    0    0    0    0    0    0    0    0    1    0    0    0    0    0    0    0    0    0    0    0    0    0    0    0    0
    0    0    0    0    0    0    1    0    0    0    0    0    0    0    0    0    1    0    0    0    0    0    0    0    0    0    0    0    0    0    0    0    0
    0    0    0    0    0    0    0    0    0    0    0    0    0    0    0    1    1    1    0    0    0    0    0    0    0    0    1    0    0    0    0    0    0
    0    0    0    0    0    1    0    0    1    0    0    0    0    0    0    12.00     1    0    0    0    0    0    0    0    1    0    0    0    0    0    0    0
    0    0    0    0    0    0    1    1    0    0    0    0    0    0    1    12.41     1    1    0    0    0    0    0    1    0    0    0    0    0    0    0    0
    0    0    0    0    0    0    0    1    0    0    0    0    0    1    12.41 2.83 2.41     1    1    0    0    0    1    0    0    0    0    0    0    0    0    0
    0    0    0    0    0    0    1    0    1    0    0    0    1    12.41 2.83 3.83 2.83 2.41     1    1    0    1    0    0    0    0    0    0    0    0    0    0
    0    0    0    0    0    1    0    0    0    1    0    1    12.41 2.83 3.83 4.24 3.83 2.83 2.41     1    1    0    0    0    0    0    0    0    0    0    0    0
    0    0    0    0    0    0    0    0    0    0    1    12.41 2.83 3.83 4.24 5.24 4.24 3.83 2.83 2.41     1    1    0    0    0    0    0    0    0    0    0    0
    0    0    0    0    0    0    0    0    0    0    12.00 2.83 3.83 4.24 5.24 5.66 5.24 4.24 3.83 2.83 2.00     1    0    0    0    0    0    0    0    0    0    0
    0    0    0    0    0    0    0    0    0    0    12.00 3.00 4.00 5.00 5.66 6.66 5.66 5.00 4.00 3.00 2.00     1    0    0    0    0    0    0    0    0    0    0
    0    0    0    0    1    0    0    0    0    0    12.00 3.00 4.00 5.00 6.00 6.66 6.00 5.00 4.00 3.00 2.00     1    0    0    0    0    0    0    0    0    0    0
    0    0    0    0    0    1    0    0    0    0    12.00 3.00 4.00 4.83 5.24 5.66 5.24 4.83 4.00 3.00 2.00     1    0    0    0    0    0    0    0    0    0    0
    0    0    0    0    0    1    0    0    0    0    12.00 2.83 3.41 3.83 4.24 5.24 4.24 3.83 3.41 2.83 2.00     1    0    0    0    0    0    0    0    0    0    0
    0    0    0    0    0    0    1    0    0    0    1    12.00 2.41 2.83 3.83 4.24 3.83 2.83 2.41 2.00     1    1    0    0    0    0    0    0    0    0    0    0
    0    0    0    0    1    0    0    0    0    1    0    1    1    12.41 2.83 3.83 2.83 2.41     1    1    1    0    0    0    0    0    0    0    0    0    0    0
    0    0    0    0    0    1    0    0    1    0    0    0    0    1    12.41 2.83 2.41     1    1    0    0    0    0    0    0    0    0    0    0    0    0    0
    0    0    0    1    0    0    1    1    0    0    0    0    0    0    1    12.41     1    1    0    0    0    0    0    0    0    0    0    0    0    0    0    0
    0    0    0    0    1    0    1    0    0    0    0    0    0    0    0    12.00     1    0    0    0    0    0    0    0    0    0    0    0    0    0    0    0
    0    0    0    0    0    1    0    0    0    0    0    0    0    0    0    1    1    1    0    0    0    0    0    0    0    0    0    0    0    0    0    0    0
    0    0    0    0    0    0    0    0    0    0    0    0    0    0    0    0    1    0    0    0    0    0    0    0    0    0    0    0    0    0    0    0    0
    0    0    0    0    0    0    0    0    0    0    0    0    0    0    0    0    0    0    0    0    0    0    0    0    0    0    0    0    0    0    0    0    0
    0    0    0    0    0    0    0    0    0    0    0    0    0    0    0    0    0    0    0    0    0    0    0    0    0    0    0    0    0    0    0    0    0
