result after pass 1: 
42 31 1 8
                                 
                                 
                1                
        1      111         1     
   1     1    11211        1     
    1   1    1123211       1     
     1  1   112343211     1      
      1 1  11234443211     1     
     1  1 1123445443211     1    
      1 1 1234456544321    1     
     1  1 1234567654431     1    
     1 11 1234567765431      1   
   111 1  1234567776431111111    
   1   1 11234567876432          
   1 111  1234567876441          
   1       12345677653 1         
    1     1  1234567    1        
     1   1    12345      1       
     1  1      123        1      
     11 1       1                
     1  1                        
     1          1                
      1         1                
               111        1      
     1  1      121       1       
      11      11211     1        
       1     1123211   1         
      1 1   112343211 1          
     1   1 11234443211           
          1123445443211          
          1234456544321          
          1234567654431          
    1     1234567765431          
     1    1234567776431          
     1    1234567876431          
      1   1234567876431          
    1    1 12345677643           
     1  1    1234566             
   1  11      12345              
    1 1        123               
     1         121               
                1                
                                 
                                 
result after pass 2: 
42 31 1 6
                                 
                                 
                1                
        1      111         1     
   1     1    11211        1     
    1   1    1123211       1     
     1  1   112343211     1      
      1 1  11234443211     1     
     1  1 1123445443211     1    
      1 1 1234456544321    1     
     1  1 1234567654321     1    
     1 11 1234567654321      1   
   111 1  1234556554321111111    
   1   1 11233445443321          
   1 111  1122344432211          
   1       11123432111 1         
    1     1  1123211    1        
     1   1    11211      1       
     1  1      111        1      
     11 1       1                
     1  1                        
     1          1                
      1         1                
               111        1      
     1  1      121       1       
      11      11211     1        
       1     1123211   1         
      1 1   112343211 1          
     1   1 11234443211           
          1123445443211          
          1234456544321          
          1234567654321          
    1     1234567654321          
     1    1234556554321          
     1    1233445443321          
      1   1122344432211          
    1    1 11123432111           
     1  1    1123211             
   1  11      11211              
    1 1        121               
     1         111               
                1                
                                 
                                 
